873
614
313
177
138
977
132
374
368
923
129
455
621
206
964
949
753
931
67
348
875
215
386
759
46
395
3
11
439
239
802
511
388
115
918
498
897
998
557
757
819
280
515
84
785
262
841
94
492
303
273
902
619
451
563
534
828
683
970
147
720
673
681
176
480
632
604
975
56
781
700
615
839
833
73
164
529
562
37
128
981
645
965
474
70
270
255
327
805
699
633
5
124
252
754
312
582
543
301
233
542
761
319
904
733
208
341
942
588
553
221
711
109
489
491
376
179
322
29
774
806
317
752
111
429
410
691
501
874
634
66
712
598
601
385
719
470
357
413
795
130
92
264
813
565
846
399
332
594
405
397
662
25
168
684
306
81
829
76
422
697
71
625
151
333
411
920
438
687
467
520
308
484
269
160
461
13
403
903
934
454
986
643
840
815
744
284
191
417
212
909
995
820
886
65
695
162
293
888
24
126
163
488
225
476
482
389
207
158
469
318
324
537
727
190
525
122
248
853
626
780
822
792
671
146
77
412
571
788
174
527
857
871
184
418
545
800
359
877
830
437
14
88
253
862
320
861
617
597
471
959
414
762
935
521
334
82
589
758
450
584
268
620
